function map=shuncmap()
map = [        0         0         0
         0         0    0.0714
         0         0    0.1429
         0         0    0.2143
         0         0    0.2857
         0         0    0.3571
         0         0    0.4286
         0         0    0.5000
         0         0    0.5714
         0         0    0.6429
         0         0    0.7143
         0         0    0.7857
         0         0    0.8571
         0         0    0.9286
         0         0    1.0000
    0.0588         0    0.9412
    0.1176         0    0.8824
    0.1765         0    0.8235
    0.2353         0    0.7647
    0.2941         0    0.7059
    0.3529         0    0.6471
    0.4118         0    0.5882
    0.4706         0    0.5294
    0.5294         0    0.4706
    0.5882         0    0.4118
    0.6471         0    0.3529
    0.7059         0    0.2941
    0.7647         0    0.2353
    0.8235         0    0.1765
    0.8824         0    0.1176
    0.9412         0    0.0588
    1.0000         0         0
    0.9900    0.0377         0
    0.9801    0.0754         0
    0.9701    0.1131         0
    0.9602    0.1508         0
    0.9502    0.1885         0
    0.9403    0.2262         0
    0.9303    0.2640         0
    0.9204    0.3017         0
    0.9104    0.3394         0
    0.9005    0.3771         0
    0.8905    0.4148         0
    0.8805    0.4525         0
    0.8706    0.4902         0
    0.8814    0.5327         0
    0.8922    0.5752         0
    0.9029    0.6176         0
    0.9137    0.6601         0
    0.9245    0.7026         0
    0.9353    0.7451         0
    0.9461    0.7876         0
    0.9569    0.8301         0
    0.9676    0.8725         0
    0.9784    0.9150         0
    0.9892    0.9575         0
    1.0000    1.0000         0
    1.0000    1.0000    0.1429
    1.0000    1.0000    0.2857
    1.0000    1.0000    0.4286
    1.0000    1.0000    0.5714
    1.0000    1.0000    0.7143
    1.0000    1.0000    0.8571
    1.0000    1.0000    1.0000];
